39828
53978
11392
84544
40921
33747
40224
54246
66736
26053
78538
4105
95799
9730
90391
29680
88823
40073
24756
9822
49899
88007
8424
96180
86514
42008
29829
76303
79341
44655
78669
19169
98632
90061
3713
39554
23808
38814
88676
85420
59743
62091
89524
50420
71821
74792
80099
60644
14865
99732
65342
59641
82616
73766
55821
69130
15774
85649
40310
89991
25181
13857
4037
18690
3918
2626
53120
22602
41439
41796
2900
96059
98764
87300
46479
70585
62093
21455
26106
71834
21187
91448
31475
3804
60091
87295
67810
70741
67821
2998
60732
87878
16854
59645
6569
15648
62270
59688
33126
98586
96361
36025
94645
95125
23326
36001
60587
80295
57455
86692
52129
73519
73017
78481
77322
33108
60653
40009
3849
28475
43006
59457
16353
54736
19102
17798
70383
81372
77486
3510
79958
73847
34411
69480
63849
52613
5481
24436
27785
62935
6005
79914
36454
79022
53272
8653
12130
13925
48662
10856
37276
86544
65189
53629
41281
84291
66303
6541
60540
43789
4927
35375
12513
39338
4855
71238
86827
10335
95673
14613
68146
96555
89403
99477
75577
42675
3007
82583
56599
51668
88315
93875
33090
53505
42381
69247
32673
8684
75787
93212
47350
80714
28587
54739
14929
33441
25978
1756
38652
16528
11245
1675
7960
648
1152
83536
38199
4159
60997
94798
50703
49312
83550
78669
97693
20808
47916
30366
24368
23704
23578
66594
99294
47041
21334
9100
80481
42188
5732
14010
53592
16977
15685
61552
12501
11713
39965
50700
15871
962
40375
61451
45151
18802
40120
42844
39609
88036
68087
58853
6617
91664
25448
788
33583
41658
9887
14064
83845
10495
22951
37437
27471
38635
98988
34849
50347
38954
85548
61095
34792
20800
17423
74819
39601
57542
12541
74086
40455
80627
32939
41948
67168
58386
37612
751
94920
42375
9692
78765
52870
32642
11080
75217
66153
10068
10066
11377
43898
90490
72471
73567
11290
89893
48386
50890
42313
60926
19853
82767
41553
52792
19593
8722
6055
57204
4349
976
99579
14040
74617
47326
41558
85696
22543
7711
90641
27486
19088
29416
17976
86435
2983
29266
71206
51369
75032
13519
12295
94885
91162
48725
42554
5632
52323
43485
57713
56671
44460
52169
65588
19078
99494
7146
99650
16914
9734
90291
44399
23698
19708
62375
5010
17567
86517
76215
68935
61549
84610
81230
51311
70650
24832
88741
76281
77154
32227
28871
33825
76686
81039
99412
90640
80533
1436
90291
97447
11169
75459
41846
34866
90043
99097
39875
7611
85614
10968
71422
42041
90454
47529
88228
61104
72360
76970
32263
49514
9197
61133
83339
80759
42173
77628
71400
17583
79063
56568
15030
85108
26904
51753
14851
16948
45727
49603
19435
31342
60570
90856
68259
51024
33263
56487
7006
5623
33457
34145
55137
42653
95277
33353
23413
32327
5858
89689
49910
84921
41134
59816
64906
68037
6446
79757
79861
52173
29360
99295
78391
89929
85029
46650
35830
18292
3137
37712
18791
31471
71856
73927
69000
62011
2157
92412
89214
8015
76978
34001
87812
18112
93817
52718
81026
95139
32475
60887
42189
56711
55060
20580
41517
40089
62106
77347
53257
60120
9936
72047
91590
81792
40852
60590
38680
37885
47880
27894
40776
19735
61895
28588
37847
50589
76183
18873
45728
3535
74636
87917
60246
29696
3374
1763
64661
60357
73986
12795
20477
83922
79719
6944
60591
20571
67533
94147
53332
10290
22041
94108
30025
83935
17573
62748
34524
93755
76497
75129
92167
51133
57923
52413
80829
56173
49052
45490
16530
17916
58285
31883
96714
38004
38826
52182
53451
1237
46329
1660
11526
68369
95767
36427
47182
8218
99174
76582
96849
75671
46588
89016
21682
4511
36306
2511
60684
80235
42877
72090
93027
96038
3974
89741
28919
42799
41923
77246
44035
83128
78906
50438
51497
69550
86864
93555
72644
80916
70138
69494
51464
16726
53387
73145
16114
84570
70532
71674
64805
8287
43764
57832
4325
47737
42450
28121
85413
84372
5367
29448
67500
79149
79885
13874
43577
61627
7430
16221
42543
72444
85714
94006
84046
33979
62029
160
18549
32561
71833
83353
40847
15598
36062
40049
58211
78511
63046
43624
57760
63289
67949
20137
42439
42711
28887
80892
4338
31193
97112
41757
3637
77704
35764
87683
11683
97792
87842
30231
25230
59676
8461
60954
70150
39399
1003
28361
17910
58925
66862
70546
22214
34811
90682
64652
77521
19569
40421
76736
50762
37534
18493
49275
15238
49133
31835
21797
41802
19678
46904
67032
74230
50241
27986
39257
89639
23865
62494
2426
82789
29356
72971
5003
64166
58530
64532
36565
72975
4953
13301
18614
42486
26670
67889
52600
75803
99723
69273
17605
14278
11054
79513
83384
61294
7499
22641
50933
31363
85135
53358
14152
9368
21206
14032
73534
79735
78563
4976
52711
78392
13153
71324
15756
39822
34090
68355
10502
33814
32506
22984
42968
43559
2497
26353
4854
9996
43870
50663
36235
23882
98898
45264
33250
20104
59295
1661
99839
32735
6636
47427
11127
19788
18751
26882
54486
52841
90114
64988
81531
22620
82848
24499
61055
85344
45728
60785
95339
89598
11449
26452
13480
10347
71715
46729
30450
25887
48389
25166
58621
49901
72592
69747
64565
86220
96629
13929
39061
81620
73793
15469
4240
56641
39967
60171
41985
85695
20957
32202
75293
32405
58653
83649
37628
30368
25256
62954
51131
68521
88120
9752
18423
55589
79498
77864
41809
71004
91792
75746
47501
65585
91214
51740
22226
26059
6789
64211
11754
27745
91289
81923
60149
49942
60449
92653
75186
85704
55607
26317
54226
43727
36068
72648
94193
10443
50512
36002
76324
37182
6626
23825
2767
97839
70442
19870
23898
77230
84080
30528
99851
70246
7328
54877
20188
67777
47530
95373
48358
3137
16567
2584
41741
47511
70108
35934
52830
15498
71935
24031
52679
73437
47856
55445
71277
13175
70191
90051
85281
49148
15457
85132
19394
17661
40009
39581
80314
82415
29831
28673
85551
41274
31256
27292
88784
96241
58102
41615
11739
24915
65645
64417
98351
8378
14739
69628
16429
84930
54557
1710
34078
64890
81718
53472
82550
16604
87929
62865
99018
17761
86414
79447
53911
12547
6739
42696
8788
59718
79187
20526
84632
39709
79819
82983
48087
94558
47489
64515
74365
2046
61102
3320
61812
42820
56791
39239
54301
39598
96980
53319
52235
83394
32766
6146
95941
34382
48841
4729
94099
22905
20132
78731
62614
99950
61714
10701
89385
4080
70092
63750
6125
26071
61947
62813
63768
13615
2053
18069
53212
99032
71387
5447
82427
99030
11593
73245
33412
55310
77973
22388
78215
98104
95995
40829
92932
52586
46406
82317
56666
11375
40945
57667
37446
2892
20481
96090
16506
17410
14159
64595
16442
80422
70041
98868
79452
76510
66990
7741
26698
44964
25005
4913
37945
21000
40618
25754
73586
87023
2949
25129
93274
43893
82795
25597
41661
98152
21687
53043
15562
35845
17638
32004
11145
82556
25749
90596
53943
92739
93214
80640
32580
18219
80429
65401
34096
21047
91155
2559
2947
94103
27687
96221
32873
5359
21818
69410
3512
43505
17330
19073
74226
29845
45953
85370
12401
66579
75967
61220
59318
64058
41861
86774
77153
22290
47052
11249
43337
38207
13807
46283
27187
36370
37381
54936
41729
59199
24346
40117
2704
41676
54066
76929
71520
20
57177
78797
66598
33144
34894
20793
92078
76754
2444
69231
93921
49495
80480
32135
82579
89163
73294
9766
20411
10676
59579
62139
64751
83924
2256
67454
20477
56321
39260
86873
51217
96436
60547
12692
24457
95441
33484
16535
67072
30804
80643
60993
80299
56000
88004
62878
45163
61299
67520
60450
66851
27099
22589
31602
5901
19721
93932
21254
70919
33192
8128
22136
24506
63551
34828
43839
58992
63188
55251
20942
88869
35894
81934
69168
91893
64816
26923
31933
26115
89319
92383
87842
11296
9849
19444
17196
24447
13376
38449
95365
41444
41453
12378
60826
5005
42082
4666
58873
148
59916
79814
89016
90686
56626
53061
82579
21442
79983
9389
42433
64179
96648
30275
75474
6498
49718
87546
30944
57970
25996
21186
94290
62325
33563
55117
67329
75645
59782
21080
75792
14575
894
59685
5261
57519
12746
82716
73837
87605
86981
16270
51784
83630
46544
22136
85004
91138
9682
15948
43985
35677
32010
38276
92879
65572
93392
55085
36094
48051
76164
11886
62625
71935
66447
62762
29454
79192
40355
98168
66797
27336
14438
13459
10966
55859
35594
95969
41874
45275
6794
85859
75829
38803
24135
68708
99252
12404
23793
35346
60454
94834
42109
17956
66769
8556
80717
91099
87748
21072
89267
49422
48407
3706
57757
54250
54441
93350
45096
96314
33503
46767
82173
9332
80446
1185
72916
79698
13588
91585
9922
68918
86419
52030
86873
53188
55462
62467
44288
43210
83538
33555
87509
26823
32137
40143
75949
86577
33494
15922
82892
61873
62688
59942
66081
38012
56004
38997
17710
69591
30582
27631
38510
11879
74537
20260
65066
30000
82727
4231
68086
61142
32663
50472
87964
64799
90615
58790
46254
18986
74712
29146
80858
32277
83964
46939
70288
39968
80812
87998
4437
6271
10506
37823
18149
85043
58082
78092
9920
40809
82322
78005
1952
14985
28478
84792
74661
19093
43583
20915
38078
13172
44937
13813
45448
28901
60751
15737
63746
36440
98611
68182
42710
9117
882
55736
89036
58963
33828
98955
94649
11027
71838
91477
26012
316
71146
673
14285
9606
21587
47239
22777
61400
61051
68225
90300
16679
78838
48923
47995
77449
11982
90704
86565
12863
41317
70479
66703
75144
64311
61352
86171
36149
47706
7060
31341
18852
2609
40502
23335
19072
82617
46111
80471
38545
9213
65648
55223
88050
14572
98094
65499
21430
83676
46942
34293
24993
12298
996
138
76608
57224
81185
7635
99806
83121
38975
13535
85729
74354
36869
99677
56971
77857
80148
95516
87069
40673
45616
75120
55244
43711
35496
71551
27387
77314
5844
52379
89611
1716
47393
66220
53816
23455
73854
48499
6576
7706
62033
87181
82059
93779
86858
39031
71636
61883
34547
58705
2557
75039
28702
52677
18750
64198
24228
41013
36389
30071
88269
26001
26663
35662
87097
75355
53994
55828
23854
55446
58410
85887
42628
40470
79666
24363
74377
46179
86246
3801
4884
83679
78839
33586
36356
92466
92660
60584
33479
29049
85531
21748
49926
7072
52287
37023
82426
6281
87727
6281
56603
46138
87044
94107
81484
61587
18471
55861
7766
99593
54538
12649
83272
33377
41111
19628
20720
28648
75088
54199
52574
55497
75946
2500
62568
23110
34400
44994
29390
22127
51274
85993
63141
38318
80100
44625
94781
93447
95362
2547
87917
49900
10073
71189
78154
51183
85694
98873
74708
55659
47949
27282
11156
23896
29781
73723
41882
59057
18718
71272
76061
69991
52142
39202
3187
27119
78704
92844
15444
74066
95391
3361
18844
5464
69427
96997
51523
55121
90747
26231
10780
38697
48389
21936
57469
78170
90535
99350
32104
9253
65499
8165
74121
12518
42244
72184
34514
20948
65028
49957
95013
55296
48194
13857
60759
17621
5731
7160
67618
96478
28267
78398
35175
76656
95210
92643
49703
80622
91993
81806
89875
52370
84848
58873
64887
27092
31057
99400
48039
96084
49357
37929
51381
97551
46663
7017
10049
47270
9053
77667
43748
37320
50942
73799
13976
41029
61319
63678
21651
53313
45484
11526
560
30332
70398
65446
57423
96331
64847
339
87293
9081
33145
33551
1509
79807
40567
11558
27077
49620
89224
65702
81816
40166
39501
95791
81194
821
59469
2845
49010
99829
9248
49569
30162
79645
9892
82461
70854
74738
77677
58147
83819
10822
91697
85327
85505
27141
96884
7459
71637
80985
68037
53453
21151
2416
49244
97221
3236
3590
67
47122
3420
9314
91567
28458
83835
1459
10919
54689
71074
83472
7713
49770
89170
99409
35097
74675
26551
26859
77011
93064
7844
45048
46518
23872
47463
95761
21093
45575
94228
16036
87573
97647
20226
79140
26105
98938
75476
31900
48504
41427
15373
56217
91196
4543
50503
26293
74095
71930
48028
45983
64995
50749
91030
11513
69497
33371
2151
85466
73822
96378
1503
61396
88902
16605
35413
15007
10420
5766
46907
58924
47192
57156
10018
38388
56575
60520
59558
25547
27328
2463
71529
92322
53211
62560
98711
17585
90807
862
3052
64629
92117
99430
20902
81019
10912
56315
96026
21332
56957
37810
75132
4150
89842
85149
37414
46417
40546
96971
71964
67873
99434
38370
55072
47522
930
53783
65107
86613
54645
63035
46120
41639
62465
67021
22658
73376
18213
13561
94707
75170
46247
69839
74196
36089
49865
11610
77383
85288
3459
44224
48038
2893
82593
3111
45291
78400
56893
10398
59890
6415
68309
6010
48053
30774
67908
65588
99027
86120
74025
88611
56167
20273
53328
30363
